7.691767350379319704e-03
1.756111267209890315e-04
1.756111267209890315e-04
5.619556055071649658e-04
1.756111267209890315e-04
9.483000842933408730e-04
5.619556055071649658e-04
8.780556336049451845e-04
3.512222534419781036e-05
7.726889575723518144e-04
8.780556336049451845e-04
5.198089350941275527e-03
5.619556055071649658e-04
5.619556055071649658e-04
1.404889013767912415e-04
8.429334082607473945e-04
4.565889294745714873e-04
7.024445068839561259e-04
2.458555774093846387e-04
3.512222534419780630e-04
7.024445068839562073e-05
3.863444787861759072e-04
3.512222534419780630e-04
1.334644563079516672e-03
3.512222534419781036e-05
1.053666760325934243e-04
2.107333520651868486e-04
8.429334082607473945e-04
3.512222534419781036e-05
2.107333520651868486e-04
3.161000280977802729e-04
2.985389154256813671e-03
1.404889013767912415e-04
4.565889294745714873e-04
5.268333801629671758e-04
2.809778027535824829e-04
3.161000280977802729e-04
7.024445068839562073e-05
4.214667041303736972e-04
1.756111267209890315e-04
7.024445068839562073e-05
3.512222534419781036e-05
4.565889294745714873e-04
2.809778027535824829e-04
7.024445068839562073e-05
2.107333520651868486e-04
3.512222534419781036e-05
1.404889013767912415e-04
2.809778027535824829e-04
2.809778027535824829e-04
3.512222534419781036e-05
3.512222534419780630e-04
2.844900252880022511e-03
3.512222534419781036e-05
3.863444787861759072e-04
2.107333520651868486e-04
3.512222534419781036e-05
3.512222534419781036e-05
3.161000280977802729e-04
5.795167181792638608e-03
5.268333801629671758e-04
2.809778027535824829e-04
3.512222534419780630e-04
7.024445068839562073e-05
2.809778027535824829e-04
2.458555774093846387e-04
7.375667322281540244e-04
7.024445068839562073e-05
7.375667322281540244e-04
1.053666760325934243e-04
3.512222534419781036e-05
3.161000280977802729e-04
1.053666760325934243e-04
2.809778027535824829e-04
3.161000280977802729e-04
5.233211576285473100e-03
1.756111267209890315e-04
1.053666760325934243e-04
3.161000280977802729e-04
3.512222534419781036e-05
1.404889013767912415e-04
1.756111267209890315e-04
1.756111267209890315e-04
1.053666760325934243e-04
1.756111267209890315e-04
4.671255970778308460e-03
1.756111267209890315e-04
2.107333520651868486e-04
7.024445068839562073e-05
7.024445068839562073e-05
3.512222534419781036e-05
2.458555774093846387e-04
2.809778027535824829e-04
7.024445068839562073e-05
1.756111267209890315e-04
1.404889013767912415e-04
7.024445068839562073e-05
3.231244731666198418e-03
3.512222534419781036e-05
2.809778027535824829e-04
2.458555774093846387e-04
1.404889013767912415e-04
7.024445068839562073e-05
7.024445068839562073e-05
3.512222534419781036e-05
4.706378196122506033e-03
7.024445068839562073e-05
1.756111267209890315e-04
3.512222534419781036e-05
7.024445068839562073e-05
1.053666760325934243e-04
1.404889013767912415e-04
4.003933689238550232e-03
7.024445068839562073e-05
1.053666760325934243e-04
7.024445068839562073e-05
1.053666760325934243e-04
5.654678280415847448e-03
2.458555774093846387e-04
7.024445068839562073e-05
7.024445068839562073e-05
2.458555774093846387e-04
3.512222534419781036e-05
3.161000280977802729e-04
2.669289126159033344e-03
3.512222534419781036e-05
3.512222534419781036e-05
1.756111267209890315e-04
7.024445068839562073e-05
1.053666760325934243e-04
7.024445068839562073e-05
2.458555774093846387e-04
7.024445068839562073e-05
3.512222534419781036e-05
3.512222534419781036e-05
1.053666760325934243e-04
1.404889013767912415e-04
3.512222534419781036e-05
1.053666760325934243e-04
1.334644563079516672e-03
7.024445068839562073e-05
1.404889013767912415e-04
7.024445068839562073e-05
3.512222534419781036e-05
3.512222534419781036e-05
3.512222534419781036e-05
1.791233492554088159e-03
3.512222534419781036e-05
7.024445068839562073e-05
7.024445068839562073e-05
7.024445068839562073e-05
1.053666760325934243e-04
2.318066872717055443e-03
1.053666760325934243e-04
1.053666760325934243e-04
3.512222534419781036e-05
7.024445068839562073e-05
3.512222534419781036e-05
1.404889013767912415e-04
3.512222534419781036e-05
2.634166900814835770e-03
7.024445068839562073e-05
1.053666760325934243e-04
3.512222534419781036e-05
2.072211295307670696e-03
3.512222534419781036e-05
3.512222534419781036e-05
2.669289126159033344e-03
1.053666760325934243e-04
7.024445068839562073e-05
2.458555774093846387e-04
3.512222534419781036e-05
4.144422590615341392e-03
3.512222534419781036e-05
3.512222534419781036e-05
3.512222534419781036e-05
3.512222534419781036e-05
1.053666760325934243e-04
3.512222534419781036e-05
1.053666760325934243e-04
3.512222534419781036e-05
3.512222534419781036e-05
3.512222534419781036e-05
1.053666760325934243e-04
3.512222534419781036e-05
3.512222534419781036e-05
3.512222534419781036e-05
3.512222534419781036e-05
3.512222534419781036e-05
8.780556336049451845e-04
3.512222534419781036e-05
4.917111548187692773e-04
1.720989041865692579e-03
2.634166900814835770e-03
1.411913458836751810e-02
1.299522337735318882e-03
7.375667322281540244e-04
1.650744591177296999e-03
1.088788985670132142e-03
6.322000561955605459e-04
1.018544534981736345e-03
1.369766788423714462e-03
2.107333520651868486e-04
5.619556055071649658e-04
7.024445068839562073e-05
1.095813430738971569e-02
8.780556336049451845e-04
1.440011239112110042e-03
1.861477943242483739e-03
3.512222534419781036e-05
1.299522337735318882e-03
3.512222534419781036e-05
1.334644563079516672e-03
9.483000842933408730e-04
7.094689519527957490e-03
1.018544534981736345e-03
1.053666760325934243e-04
1.229277887046923302e-03
1.229277887046923302e-03
4.917111548187692773e-04
1.229277887046923302e-03
1.123911211014329932e-03
6.322000561955605459e-04
2.072211295307670696e-03
3.161000280977802729e-04
1.264400112391121135e-02
1.861477943242483739e-03
6.322000561955605459e-04
1.053666760325934352e-03
7.726889575723518144e-04
1.053666760325934243e-04
1.826355717898285949e-03
1.229277887046923302e-03
1.685866816521494789e-03
1.053666760325934243e-04
8.780556336049451845e-04
3.161000280977802729e-04
4.214667041303736972e-04
1.404889013767912252e-03
9.834223096375385546e-04
1.088788985670132142e-03
6.322000561955605459e-04
9.834223096375385546e-04
7.726889575723518144e-04
2.107333520651868486e-04
1.053666760325934243e-04
2.107333520651868486e-04
1.053666760325934243e-04
3.512222534419780630e-04
7.726889575723518144e-04
4.565889294745714873e-04
1.404889013767912415e-04
4.565889294745714873e-04
1.756111267209890369e-03
3.161000280977802729e-04
5.268333801629671758e-04
3.512222534419781036e-05
3.512222534419781036e-05
3.512222534419781036e-05
3.512222534419781036e-05
3.512222534419781036e-05
3.512222534419781036e-05
3.512222534419781036e-05
3.512222534419781036e-05
7.024445068839562073e-05
7.024445068839562073e-05
3.512222534419780630e-04
7.024445068839562073e-05
2.809778027535824829e-04
3.512222534419781036e-05
2.107333520651868486e-04
3.161000280977802729e-04
1.053666760325934243e-04
3.512222534419781036e-05
3.512222534419781036e-05
3.512222534419781036e-05
1.053666760325934243e-04
3.512222534419781036e-05
3.512222534419781036e-05
7.024445068839562073e-05
7.024445068839562073e-05
1.404889013767912415e-04
7.024445068839562073e-05
7.024445068839562073e-05
3.512222534419781036e-05
3.512222534419781036e-05
1.756111267209890315e-04
3.512222534419781036e-05
1.756111267209890315e-04
3.512222534419781036e-05
5.268333801629671758e-04
7.024445068839562073e-05
1.053666760325934243e-04
2.107333520651868486e-04
1.756111267209890315e-04
3.512222534419781036e-05
7.024445068839562073e-05
3.512222534419781036e-05
3.512222534419780630e-04
3.512222534419781036e-05
3.512222534419781036e-05
7.024445068839562073e-05
3.512222534419781036e-05
3.512222534419781036e-05
3.512222534419781036e-05
3.512222534419781036e-05
1.053666760325934243e-04
3.512222534419781036e-05
7.024445068839562073e-05
3.512222534419781036e-05
3.512222534419781036e-05
3.512222534419780630e-04
1.053666760325934243e-04
3.512222534419781036e-05
3.512222534419781036e-05
3.512222534419781036e-05
7.024445068839562073e-05
3.512222534419781036e-05
7.024445068839562073e-05
3.512222534419781036e-05
1.053666760325934243e-04
3.512222534419781036e-05
1.053666760325934243e-04
3.512222534419781036e-05
7.024445068839562073e-05
7.024445068839562073e-05
1.053666760325934243e-04
1.053666760325934243e-04
3.161000280977802729e-04
2.458555774093846387e-04
3.512222534419781036e-05
7.024445068839562073e-05
7.024445068839562073e-05
3.512222534419781036e-05
3.512222534419781036e-05
7.024445068839562073e-05
3.863444787861759072e-04
3.512222534419781036e-05
2.809778027535824829e-04
2.458555774093846387e-04
1.404889013767912415e-04
3.512222534419781036e-05
3.512222534419781036e-05
2.809778027535824829e-04
2.107333520651868486e-04
3.512222534419781036e-05
7.024445068839562073e-05
2.458555774093846387e-04
1.053666760325934243e-04
3.512222534419781036e-05
1.404889013767912415e-04
2.809778027535824829e-04
1.404889013767912415e-04
3.512222534419781036e-05
3.512222534419781036e-05
3.512222534419781036e-05
7.024445068839562073e-05
1.053666760325934352e-03
1.685866816521494789e-03
7.024445068839562073e-05
4.214667041303736972e-04
6.673222815397583359e-04
1.053666760325934243e-04
3.512222534419781036e-05
5.619556055071649658e-04
3.512222534419781036e-05
1.404889013767912415e-04
7.024445068839562073e-05
2.809778027535824829e-04
1.053666760325934243e-04
3.512222534419781036e-05
7.024445068839562073e-05
1.404889013767912415e-04
3.512222534419781036e-05
3.512222534419781036e-05
3.512222534419781036e-05
3.512222534419781036e-05
7.024445068839562073e-05
3.512222534419781036e-05
3.512222534419781036e-05
3.512222534419781036e-05
3.512222534419781036e-05
3.512222534419781036e-05
3.512222534419781036e-05
7.024445068839561259e-04
7.024445068839562073e-05
1.053666760325934243e-04
2.809778027535824829e-04
6.708345040741781583e-03
1.053666760325934243e-04
7.024445068839562073e-05
7.024445068839562073e-05
7.024445068839562073e-05
3.512222534419781036e-05
1.756111267209890315e-04
2.809778027535824829e-04
3.512222534419781036e-05
1.756111267209890315e-04
3.512222534419781036e-05
3.512222534419781036e-05
3.161000280977802729e-04
3.512222534419781036e-05
4.214667041303736972e-04
3.512222534419781036e-05
7.024445068839562073e-05
1.053666760325934243e-04
1.404889013767912415e-04
3.512222534419781036e-05
3.512222534419781036e-05
3.512222534419781036e-05
2.107333520651868486e-04
5.268333801629671758e-04
3.512222534419781036e-05
3.512222534419781036e-05
1.053666760325934243e-04
5.268333801629671758e-04
2.107333520651868486e-04
3.512222534419781036e-05
7.024445068839562073e-05
1.053666760325934243e-04
3.161000280977802729e-04
7.024445068839562073e-05
3.512222534419781036e-05
3.512222534419781036e-05
7.024445068839562073e-05
3.512222534419781036e-05
3.512222534419781036e-05
3.512222534419781036e-05
3.512222534419781036e-05
3.512222534419781036e-05
3.512222534419781036e-05
3.512222534419781036e-05
2.107333520651868486e-04
3.512222534419781036e-05
9.131778589491429746e-04
1.404889013767912415e-04
7.024445068839562073e-05
1.756111267209890315e-04
1.404889013767912415e-04
3.512222534419781036e-05
7.024445068839561259e-04
3.161000280977802729e-04
1.404889013767912415e-04
1.053666760325934243e-04
7.024445068839562073e-05
7.937622927788705318e-03
3.512222534419781036e-05
3.512222534419781036e-05
3.512222534419781036e-05
6.322000561955605459e-04
3.512222534419781036e-05
2.388311323405451023e-03
1.053666760325934243e-04
5.619556055071649658e-04
8.780556336049451845e-04
3.512222534419781036e-05
7.024445068839562073e-05
2.458555774093846387e-04
3.512222534419781036e-05
1.053666760325934243e-04
3.512222534419781036e-05
1.053666760325934243e-04
3.512222534419781036e-05
3.512222534419781036e-05
1.053666760325934243e-04
3.863444787861759072e-04
3.512222534419781036e-05
3.512222534419781036e-05
3.512222534419781036e-05
7.726889575723518144e-04
3.512222534419781036e-05
3.512222534419781036e-05
3.512222534419781036e-05
3.512222534419781036e-05
2.809778027535824829e-04
1.404889013767912415e-04
1.123911211014329932e-03
7.024445068839562073e-05
2.107333520651868703e-03
3.512222534419781036e-05
3.512222534419781036e-05
1.756111267209890315e-04
2.107333520651868486e-04
3.512222534419781036e-05
3.512222534419781036e-05
2.107333520651868486e-04
7.024445068839562073e-05
1.053666760325934243e-04
1.053666760325934243e-04
1.053666760325934243e-04
3.161000280977802729e-04
3.512222534419781036e-05
7.024445068839562073e-05
3.512222534419781036e-05
5.268333801629671758e-04
3.512222534419781036e-05
3.512222534419781036e-05
7.024445068839562073e-05
1.756111267209890315e-04
3.512222534419781036e-05
1.053666760325934243e-04
1.299522337735318882e-03
3.512222534419781036e-05
3.512222534419781036e-05
3.512222534419781036e-05
1.159033436358527722e-03
3.512222534419781036e-05
1.404889013767912415e-04
7.024445068839562073e-05
3.512222534419781036e-05
3.512222534419781036e-05
7.024445068839562073e-05
7.024445068839562073e-05
3.512222534419781036e-05
7.024445068839562073e-05
1.404889013767912415e-04
7.024445068839561259e-04
3.512222534419781036e-05
7.024445068839562073e-05
7.024445068839562073e-05
1.053666760325934243e-04
7.024445068839562073e-05
3.512222534419781036e-05
1.404889013767912415e-04
3.512222534419781036e-05
3.512222534419781036e-05
3.512222534419781036e-05
3.512222534419781036e-05
3.512222534419781036e-05
2.107333520651868486e-04
1.053666760325934243e-04
2.107333520651868486e-04
7.024445068839562073e-05
7.024445068839562073e-05
7.024445068839562073e-05
3.512222534419781036e-05
3.512222534419781036e-05
3.512222534419781036e-05
3.512222534419781036e-05
3.512222534419781036e-05
2.458555774093846387e-04
6.322000561955605459e-04
7.024445068839562073e-05
3.512222534419781036e-05
7.024445068839562073e-05
1.053666760325934243e-04
1.756111267209890315e-04
6.673222815397583359e-04
2.107333520651868486e-04
1.053666760325934243e-04
3.512222534419781036e-05
3.512222534419781036e-05
7.024445068839562073e-05
8.113234054509694052e-03
3.512222534419781036e-05
3.512222534419781036e-05
7.024445068839562073e-05
1.440011239112110042e-03
1.053666760325934243e-04
7.375667322281540244e-04
1.756111267209890315e-04
7.024445068839562073e-05
7.024445068839562073e-05
2.107333520651868486e-04
1.404889013767912415e-04
2.353189098061253016e-03
1.053666760325934243e-04
3.512222534419781036e-05
3.512222534419781036e-05
3.512222534419781036e-05
3.512222534419781036e-05
1.615622365833099209e-03
1.966844619275077109e-03
6.322000561955605459e-04
9.834223096375385546e-04
1.756111267209890315e-04
3.512222534419780630e-04
2.107333520651868486e-04
1.685866816521494789e-03
3.512222534419781036e-05
1.053666760325934243e-04
3.512222534419781036e-05
3.512222534419781036e-05
3.512222534419781036e-05
3.512222534419781036e-05
3.512222534419781036e-05
3.512222534419780630e-04
3.512222534419781036e-05
3.512222534419781036e-05
3.512222534419781036e-05
3.512222534419781036e-05
3.512222534419781036e-05
7.024445068839562073e-05
1.404889013767912415e-04
3.512222534419781036e-05
9.131778589491429746e-04
3.512222534419781036e-05
3.512222534419780630e-04
7.024445068839562073e-05
3.512222534419781036e-05
3.512222534419781036e-05
3.512222534419781036e-05
3.512222534419781036e-05
3.512222534419781036e-05
6.322000561955605459e-04
2.458555774093846387e-04
3.512222534419781036e-05
1.053666760325934243e-04
2.107333520651868486e-04
3.512222534419780630e-04
3.512222534419781036e-05
3.512222534419781036e-05
1.756111267209890315e-04
1.756111267209890315e-04
3.512222534419781036e-05
2.809778027535824829e-04
2.809778027535824829e-04
7.024445068839562073e-05
1.053666760325934243e-04
3.512222534419781036e-05
7.024445068839562073e-05
7.024445068839562073e-05
3.512222534419781036e-05
3.512222534419781036e-05
7.024445068839562073e-05
2.107333520651868486e-04
7.726889575723518144e-04
7.024445068839562073e-05
7.024445068839562073e-05
7.024445068839562073e-05
1.053666760325934243e-04
3.512222534419781036e-05
2.458555774093846387e-04
3.863444787861759072e-04
2.107333520651868486e-04
3.512222534419781036e-05
7.024445068839562073e-05
1.053666760325934243e-04
2.107333520651868486e-04
7.024445068839562073e-05
1.053666760325934243e-04
3.512222534419781036e-05
3.512222534419781036e-05
7.024445068839562073e-05
3.161000280977802729e-04
3.512222534419781036e-05
3.512222534419781036e-05
2.107333520651868486e-04
1.053666760325934243e-04
7.024445068839562073e-05
7.024445068839562073e-05
7.024445068839562073e-05
4.565889294745714873e-04
7.024445068839562073e-05
3.512222534419781036e-05
3.512222534419781036e-05
8.078111829165496045e-04
7.024445068839562073e-05
7.024445068839562073e-05
3.512222534419781036e-05
1.756111267209890315e-04
7.024445068839562073e-05
1.756111267209890315e-04
7.024445068839562073e-05
7.024445068839562073e-05
7.024445068839562073e-05
9.131778589491429746e-03
1.053666760325934243e-04
7.726889575723518144e-04
2.809778027535824829e-04
5.619556055071649658e-04
6.322000561955605459e-04
5.970778308513627558e-04
8.078111829165496045e-04
3.512222534419781036e-05
1.123911211014329932e-03
8.780556336049451845e-04
7.445911772969934957e-03
6.322000561955605459e-04
5.268333801629671758e-04
1.404889013767912415e-04
9.834223096375385546e-04
4.214667041303736972e-04
4.917111548187692773e-04
3.512222534419780630e-04
3.161000280977802729e-04
1.756111267209890315e-04
6.673222815397583359e-04
2.458555774093846387e-04
1.053666760325934243e-04
1.404889013767912415e-04
1.018544534981736345e-03
3.512222534419781036e-05
3.512222534419780630e-04
2.458555774093846387e-04
2.669289126159033344e-03
3.863444787861759072e-04
3.863444787861759072e-04
5.619556055071649658e-04
2.458555774093846387e-04
1.404889013767912415e-04
1.756111267209890315e-04
2.809778027535824829e-04
3.161000280977802729e-04
2.458555774093846387e-04
4.917111548187692773e-04
3.161000280977802729e-04
3.512222534419781036e-05
3.512222534419780630e-04
3.512222534419781036e-05
2.458555774093846387e-04
1.756111267209890315e-04
2.809778027535824829e-04
1.053666760325934243e-04
2.458555774093846387e-04
3.582466985108176318e-03
1.053666760325934243e-04
3.512222534419781036e-05
3.512222534419780630e-04
1.404889013767912415e-04
7.024445068839562073e-05
7.024445068839562073e-05
3.512222534419781036e-05
6.778589491430176729e-03
4.214667041303736972e-04
4.917111548187692773e-04
5.268333801629671758e-04
1.053666760325934243e-04
1.756111267209890315e-04
3.863444787861759072e-04
2.809778027535824829e-04
7.024445068839562073e-05
6.322000561955605459e-04
3.512222534419781036e-05
1.545377915144703629e-03
1.053666760325934243e-04
7.024445068839562073e-05
2.809778027535824829e-04
1.756111267209890315e-04
2.809778027535824829e-04
2.107333520651868486e-04
5.233211576285473100e-03
1.404889013767912415e-04
1.053666760325934243e-04
1.756111267209890315e-04
3.512222534419781036e-05
1.756111267209890315e-04
7.024445068839562073e-05
3.512222534419781036e-05
2.107333520651868486e-04
5.443944928350660274e-03
1.756111267209890315e-04
2.107333520651868486e-04
7.024445068839562073e-05
1.404889013767912415e-04
7.024445068839562073e-05
2.458555774093846387e-04
7.024445068839562073e-05
1.053666760325934243e-04
1.756111267209890315e-04
3.512222534419781036e-05
3.512222534419781036e-05
2.704411351503231351e-03
7.024445068839562073e-05
2.107333520651868486e-04
7.024445068839562073e-05
3.161000280977802729e-04
2.107333520651868486e-04
7.024445068839562073e-05
3.652711435796571898e-03
3.512222534419781036e-05
3.512222534419781036e-05
3.512222534419781036e-05
7.024445068839562073e-05
2.107333520651868486e-04
1.053666760325934243e-04
1.756111267209890315e-04
3.582466985108176318e-03
2.107333520651868486e-04
1.756111267209890315e-04
3.512222534419781036e-05
2.107333520651868486e-04
2.107333520651868486e-04
5.198089350941275527e-03
1.053666760325934243e-04
7.024445068839562073e-05
3.512222534419781036e-05
3.161000280977802729e-04
7.024445068839562073e-05
3.161000280977802729e-04
2.599044675470637764e-03
3.512222534419781036e-05
3.512222534419781036e-05
1.756111267209890315e-04
7.024445068839562073e-05
1.404889013767912415e-04
1.756111267209890315e-04
3.161000280977802729e-04
3.512222534419781036e-05
7.024445068839562073e-05
3.512222534419781036e-05
1.053666760325934243e-04
7.024445068839562073e-05
7.024445068839562073e-05
7.024445068839562073e-05
7.024445068839562073e-05
1.018544534981736345e-03
7.024445068839562073e-05
3.512222534419781036e-05
3.512222534419781036e-05
3.512222534419781036e-05
7.024445068839562073e-05
3.512222534419781036e-05
1.299522337735318882e-03
7.024445068839562073e-05
1.053666760325934243e-04
7.024445068839562073e-05
3.512222534419781036e-05
1.053666760325934243e-04
3.266366957010395991e-03
7.024445068839562073e-05
7.024445068839562073e-05
7.024445068839562073e-05
3.512222534419781036e-05
1.404889013767912415e-04
3.512222534419781036e-05
2.880022478224220084e-03
3.512222534419781036e-05
7.024445068839562073e-05
7.024445068839562073e-05
3.512222534419781036e-05
3.512222534419781036e-05
1.053666760325934243e-04
1.966844619275077109e-03
7.024445068839562073e-05
3.512222534419781036e-05
3.512222534419781036e-05
3.968811463894352659e-03
3.512222534419781036e-05
1.404889013767912415e-04
1.404889013767912415e-04
3.512222534419781036e-05
4.144422590615341392e-03
7.024445068839562073e-05
7.024445068839562073e-05
3.512222534419781036e-05
3.512222534419781036e-05
3.512222534419781036e-05
1.756111267209890315e-04
3.512222534419781036e-05
7.024445068839562073e-05
7.024445068839562073e-05
3.512222534419781036e-05
3.512222534419781036e-05
7.024445068839562073e-05
1.650744591177296999e-03
1.088788985670132142e-03
1.510255689800505839e-03
2.739533576847428924e-03
1.415425681371171654e-02
1.334644563079516672e-03
1.545377915144703629e-03
2.072211295307670696e-03
1.159033436358527722e-03
9.834223096375385546e-04
1.299522337735318882e-03
1.861477943242483739e-03
1.404889013767912415e-04
3.863444787861759072e-04
1.053666760325934243e-04
1.060691205394773823e-02
6.322000561955605459e-04
1.545377915144703629e-03
1.650744591177296999e-03
2.458555774093846387e-04
1.159033436358527722e-03
1.053666760325934243e-04
1.756111267209890315e-04
7.024445068839562073e-05
9.834223096375385546e-04
8.780556336049451845e-04
7.867378477100308437e-03
1.475133464456308049e-03
3.161000280977802729e-04
9.483000842933408730e-04
1.264400112391121092e-03
4.565889294745714873e-04
7.024445068839561259e-04
5.970778308513627558e-04
1.229277887046923302e-03
8.780556336049451845e-04
2.458555774093846387e-04
1.134447878617589160e-02
1.966844619275077109e-03
1.018544534981736345e-03
9.483000842933408730e-04
6.673222815397583359e-04
7.024445068839562073e-05
1.475133464456308049e-03
9.834223096375385546e-04
1.334644563079516672e-03
5.619556055071649658e-04
7.726889575723518144e-04
2.107333520651868486e-04
4.565889294745714873e-04
4.917111548187692773e-04
8.078111829165496045e-04
8.429334082607473945e-04
6.673222815397583359e-04
9.483000842933408730e-04
9.483000842933408730e-04
2.107333520651868486e-04
1.404889013767912415e-04
3.863444787861759072e-04
1.756111267209890315e-04
5.619556055071649658e-04
3.512222534419781036e-05
5.619556055071649658e-04
3.512222534419780630e-04
2.809778027535824829e-04
5.619556055071649658e-04
5.970778308513627558e-04
1.299522337735318882e-03
5.268333801629671758e-04
2.809778027535824829e-04
3.512222534419781036e-05
1.053666760325934243e-04
1.756111267209890315e-04
3.512222534419781036e-05
1.404889013767912415e-04
7.024445068839562073e-05
3.161000280977802729e-04
3.512222534419781036e-05
1.053666760325934243e-04
3.512222534419781036e-05
3.512222534419781036e-05
2.809778027535824829e-04
3.512222534419781036e-05
3.512222534419781036e-05
2.107333520651868486e-04
3.512222534419781036e-05
3.512222534419781036e-05
1.404889013767912415e-04
7.024445068839562073e-05
3.512222534419781036e-05
3.512222534419781036e-05
7.024445068839562073e-05
1.053666760325934243e-04
3.512222534419781036e-05
3.512222534419781036e-05
5.268333801629671758e-04
2.458555774093846387e-04
3.512222534419781036e-05
3.512222534419781036e-05
3.512222534419781036e-05
3.512222534419781036e-05
3.512222534419781036e-05
3.512222534419781036e-05
3.512222534419781036e-05
3.512222534419781036e-05
3.512222534419781036e-05
1.053666760325934243e-04
3.512222534419781036e-05
3.512222534419781036e-05
3.512222534419781036e-05
3.512222534419781036e-05
3.512222534419781036e-05
3.512222534419781036e-05
7.024445068839562073e-05
7.024445068839562073e-05
3.863444787861759072e-04
7.024445068839562073e-05
3.512222534419781036e-05
3.512222534419781036e-05
3.512222534419781036e-05
7.024445068839562073e-05
7.024445068839562073e-05
7.024445068839562073e-05
1.404889013767912415e-04
3.512222534419781036e-05
1.404889013767912415e-04
7.024445068839562073e-05
3.512222534419781036e-05
4.214667041303736972e-04
3.161000280977802729e-04
3.512222534419781036e-05
2.107333520651868486e-04
1.053666760325934243e-04
2.458555774093846387e-04
7.024445068839562073e-05
2.107333520651868486e-04
1.018544534981736345e-03
7.024445068839562073e-05
3.512222534419781036e-05
3.512222534419781036e-05
3.512222534419781036e-05
1.053666760325934243e-04
3.512222534419781036e-05
9.131778589491429746e-04
7.024445068839562073e-05
3.512222534419781036e-05
3.512222534419781036e-05
2.458555774093846387e-04
3.512222534419781036e-05
1.053666760325934243e-04
2.107333520651868486e-04
7.024445068839562073e-05
7.024445068839562073e-05
1.404889013767912415e-04
3.512222534419781036e-05
3.512222534419781036e-05
3.512222534419781036e-05
2.107333520651868703e-03
1.404889013767912415e-04
1.053666760325934243e-04
2.107333520651868486e-04
7.024445068839562073e-05
1.404889013767912415e-04
3.512222534419781036e-05
3.512222534419781036e-05
3.512222534419781036e-05
3.512222534419781036e-05
7.024445068839562073e-05
1.053666760325934243e-04
7.024445068839562073e-05
7.024445068839562073e-05
3.512222534419781036e-05
1.756111267209890315e-04
3.512222534419781036e-05
1.053666760325934243e-04
3.512222534419781036e-05
3.512222534419781036e-05
5.268333801629671758e-04
1.404889013767912415e-04
8.429334082607473945e-04
3.512222534419781036e-05
7.024445068839562073e-05
3.512222534419781036e-05
7.024445068839562073e-05
1.404889013767912415e-04
1.404889013767912415e-04
7.024445068839562073e-05
3.512222534419781036e-05
7.024445068839561259e-04
3.512222534419781036e-05
1.404889013767912415e-04
7.024445068839562073e-05
3.512222534419781036e-05
3.512222534419781036e-05
3.512222534419781036e-05
3.863444787861759072e-04
4.565889294745714873e-04
4.214667041303736972e-04
7.024445068839562073e-05
7.024445068839562073e-05
3.512222534419781036e-05
4.917111548187692773e-04
3.512222534419781036e-05
3.512222534419781036e-05
3.512222534419781036e-05
3.512222534419781036e-05
3.512222534419781036e-05
3.512222534419781036e-05
5.268333801629671758e-04
7.024445068839562073e-05
8.078111829165496045e-04
3.512222534419781036e-05
3.512222534419781036e-05
3.512222534419781036e-05
2.282944647372857436e-03
7.024445068839562073e-05
5.619556055071649658e-04
3.512222534419781036e-05
3.512222534419781036e-05
4.214667041303736972e-04
3.512222534419781036e-05
3.512222534419781036e-05
3.512222534419781036e-05
1.053666760325934243e-04
4.214667041303736972e-04
7.024445068839562073e-05
3.512222534419781036e-05
3.512222534419781036e-05
3.512222534419781036e-05
3.512222534419781036e-05
4.565889294745714873e-04
2.809778027535824829e-04
3.512222534419781036e-05
2.458555774093846387e-04
7.024445068839562073e-05
8.429334082607473945e-04
3.512222534419781036e-05
3.512222534419781036e-05
6.673222815397583359e-04
7.024445068839562073e-05
3.512222534419781036e-05
1.053666760325934243e-04
1.756111267209890315e-04
3.512222534419781036e-05
3.161000280977802729e-04
1.404889013767912415e-04
3.512222534419781036e-05
1.404889013767912415e-04
3.512222534419781036e-05
3.512222534419781036e-05
3.512222534419781036e-05
3.512222534419781036e-05
3.512222534419781036e-05
3.512222534419781036e-05
3.863444787861759072e-04
7.024445068839562073e-05
1.756111267209890315e-04
3.512222534419781036e-05
7.024445068839562073e-05
2.107333520651868486e-04
1.404889013767912415e-04
3.512222534419781036e-05
3.512222534419781036e-05
3.512222534419781036e-05
3.512222534419781036e-05
7.024445068839562073e-05
3.512222534419781036e-05
7.024445068839562073e-05
3.512222534419781036e-05
3.512222534419781036e-05
6.322000561955605459e-04
3.512222534419781036e-05
1.053666760325934243e-04
1.053666760325934243e-04
1.404889013767912415e-04
7.024445068839562073e-05
2.458555774093846387e-04
3.512222534419781036e-05
2.107333520651868486e-04
7.024445068839562073e-05
4.214667041303736972e-04
3.512222534419781036e-05
3.512222534419781036e-05
1.053666760325934243e-04
7.024445068839562073e-05
1.756111267209890315e-04
3.512222534419781036e-05
1.053666760325934243e-04
1.053666760325934243e-04
3.512222534419781036e-05
2.458555774093846387e-04
3.512222534419781036e-05
1.053666760325934243e-04
3.512222534419781036e-05
3.512222534419781036e-05
1.053666760325934243e-04
1.404889013767912415e-04
1.756111267209890315e-04
2.107333520651868486e-04
3.512222534419781036e-05
3.512222534419781036e-05
7.024445068839562073e-05
3.512222534419781036e-05
3.512222534419781036e-05
7.024445068839562073e-05
2.107333520651868486e-04
3.512222534419781036e-05
3.161000280977802729e-04
1.053666760325934243e-04
3.512222534419781036e-05
3.512222534419781036e-05
3.512222534419781036e-05
3.512222534419781036e-05
3.512222534419781036e-05
3.512222534419781036e-05
3.512222534419781036e-05
1.404889013767912415e-04
3.512222534419781036e-05
1.053666760325934243e-04
7.024445068839562073e-05
3.512222534419781036e-05
3.512222534419781036e-05
3.512222534419781036e-05
3.512222534419781036e-05
3.512222534419781036e-05
7.024445068839562073e-05
3.512222534419781036e-05
1.018544534981736345e-03
3.512222534419781036e-05
2.809778027535824829e-04
1.756111267209890315e-04
3.512222534419781036e-05
3.512222534419781036e-05
1.404889013767912415e-04
1.306546782804158396e-02
7.024445068839562073e-05
2.107333520651868486e-04
3.512222534419781036e-05
1.404889013767912415e-04
3.512222534419781036e-05
7.024445068839561259e-04
2.001966844619275116e-03
3.512222534419781036e-05
3.512222534419780630e-04
7.726889575723518144e-04
3.512222534419781036e-05
3.512222534419781036e-05
7.024445068839562073e-05
1.404889013767912415e-04
3.512222534419781036e-05
3.512222534419781036e-05
7.024445068839562073e-05
4.565889294745714873e-04
7.024445068839561259e-04
3.512222534419781036e-05
3.512222534419781036e-05
3.512222534419781036e-05
3.512222534419781036e-05
7.024445068839562073e-05
3.512222534419781036e-05
3.512222534419781036e-05
1.404889013767912415e-04
1.756111267209890315e-04
7.024445068839562073e-05
3.512222534419780630e-04
1.404889013767912415e-04
3.512222534419781036e-05
7.024445068839562073e-05
1.404889013767912415e-04
7.024445068839562073e-05
3.512222534419781036e-05
3.512222534419781036e-05
8.429334082607473945e-04
3.512222534419781036e-05
3.512222534419781036e-05
7.024445068839562073e-05
1.053666760325934243e-04
1.053666760325934243e-04
3.512222534419781036e-05
3.512222534419781036e-05
7.024445068839562073e-05
7.024445068839562073e-05
2.107333520651868703e-03
3.512222534419781036e-05
3.512222534419781036e-05
3.512222534419781036e-05
7.024445068839562073e-05
7.024445068839562073e-05
1.053666760325934243e-04
7.375667322281540244e-04
2.282944647372857436e-03
7.024445068839562073e-05
3.512222534419781036e-05
3.512222534419781036e-05
3.512222534419781036e-05
1.756111267209890369e-03
1.018544534981736345e-03
3.512222534419781036e-05
1.218741219443664030e-02
1.756111267209890315e-04
3.512222534419781036e-05
7.024445068839561259e-04
3.512222534419781036e-05
7.024445068839562073e-05
3.512222534419781036e-05
7.024445068839562073e-05
3.512222534419781036e-05
7.024445068839562073e-05
3.512222534419781036e-05
4.214667041303736972e-04
2.177577971340264283e-03
3.512222534419781036e-05
3.512222534419781036e-05
2.809778027535824829e-04
3.512222534419780630e-04
2.458555774093846387e-04
3.512222534419781036e-05
1.756111267209890315e-04
3.512222534419781036e-05
1.615622365833099209e-03
3.512222534419781036e-05
2.107333520651868486e-04
1.756111267209890315e-04
4.214667041303736972e-04
1.404889013767912415e-04
1.545377915144703629e-03
1.334644563079516672e-03
1.404889013767912415e-04
7.024445068839562073e-05
1.756111267209890315e-04
5.970778308513627558e-04
7.024445068839562073e-05
7.024445068839562073e-05
7.024445068839562073e-05
3.512222534419781036e-05
3.512222534419781036e-05
3.512222534419781036e-05
3.512222534419781036e-05
3.512222534419781036e-05
3.512222534419781036e-05
2.318066872717055443e-03
2.809778027535824829e-04
3.161000280977802729e-04
2.233773531890980574e-02
7.024445068839562073e-05
1.053666760325934243e-04
2.107333520651868486e-04
1.404889013767912415e-04
5.619556055071649658e-04
1.053666760325934243e-04
1.612110143298679452e-02
3.512222534419781036e-05
1.404889013767912415e-04
1.404889013767912415e-04
3.512222534419781036e-05
1.404889013767912415e-04
2.458555774093846387e-04
7.024445068839562073e-05
3.512222534419781036e-05
1.053666760325934243e-04
3.512222534419781036e-05
1.404889013767912415e-04
7.024445068839562073e-05
3.512222534419781036e-05
2.107333520651868486e-04
7.024445068839562073e-05
7.024445068839562073e-05
1.053666760325934243e-04
3.512222534419781036e-05
2.107333520651868486e-04
1.756111267209890315e-04
3.512222534419781036e-05
3.512222534419781036e-05
3.512222534419781036e-05
3.161000280977802729e-04
1.756111267209890315e-04
3.512222534419781036e-05
3.512222534419781036e-05
1.756111267209890315e-04
5.619556055071649658e-04
3.512222534419781036e-05
6.322000561955605459e-04
1.404889013767912415e-04
6.673222815397583359e-04
7.024445068839562073e-05
3.512222534419781036e-05
7.024445068839562073e-05
3.512222534419781036e-05
7.375667322281540244e-04
2.458555774093846387e-04
7.024445068839562073e-05
7.024445068839562073e-05
7.024445068839562073e-05
3.512222534419781036e-05
3.512222534419781036e-05
3.863444787861759072e-04
3.512222534419781036e-05
1.053666760325934352e-03
7.024445068839562073e-05
1.404889013767912415e-04
1.404889013767912415e-04
3.512222534419781036e-05
4.214667041303736972e-04
3.863444787861759072e-04
1.053666760325934243e-04
3.512222534419781036e-05
3.512222534419780630e-04
2.458555774093846387e-04
3.512222534419781036e-05
7.024445068839562073e-05
3.512222534419780630e-04
4.565889294745714873e-04
3.512222534419781036e-05
1.404889013767912415e-04
3.512222534419781036e-05
8.429334082607473945e-04
7.024445068839562073e-05
3.512222534419781036e-05
1.404889013767912415e-04
1.053666760325934243e-04
3.512222534419781036e-05
3.512222534419781036e-05
7.024445068839562073e-05
7.024445068839562073e-05
7.024445068839562073e-05
3.512222534419781036e-05
3.512222534419781036e-05
3.512222534419781036e-05
3.512222534419781036e-05
7.024445068839562073e-05
3.512222534419781036e-05
7.024445068839562073e-05
1.053666760325934243e-04
3.512222534419781036e-05
3.512222534419781036e-05
3.512222534419781036e-05
3.512222534419781036e-05
7.024445068839562073e-05
3.512222534419781036e-05
3.512222534419781036e-05
3.512222534419781036e-05
3.512222534419781036e-05
7.024445068839562073e-05
3.512222534419781036e-05
3.512222534419781036e-05
3.512222534419781036e-05
1.404889013767912415e-04
3.512222534419781036e-05
3.512222534419781036e-05
1.053666760325934243e-04
7.024445068839562073e-05
3.512222534419781036e-05
7.024445068839562073e-05
3.512222534419781036e-05
7.024445068839562073e-05
3.512222534419781036e-05
3.512222534419781036e-05
1.053666760325934243e-04
7.024445068839562073e-05
1.404889013767912415e-04
7.024445068839562073e-05
3.512222534419781036e-05
2.809778027535824829e-04
3.512222534419781036e-05
1.053666760325934243e-04
3.512222534419781036e-05
1.756111267209890315e-04
3.512222534419781036e-05
2.809778027535824829e-04
3.512222534419781036e-05
3.512222534419781036e-05
1.053666760325934243e-04
3.512222534419781036e-05
2.107333520651868486e-04
2.809778027535824829e-04
3.512222534419781036e-05
3.512222534419781036e-05
3.512222534419781036e-05
3.512222534419781036e-05
1.053666760325934243e-04
2.107333520651868486e-04
2.809778027535824829e-04
3.512222534419781036e-05
7.024445068839562073e-05
7.024445068839562073e-05
1.756111267209890315e-04
3.512222534419781036e-05
2.458555774093846387e-04
3.863444787861759072e-04
2.809778027535824829e-04
1.404889013767912415e-04
3.512222534419781036e-05
3.512222534419780630e-04
1.756111267209890315e-04
2.107333520651868486e-04
3.512222534419781036e-05
3.512222534419781036e-05
3.512222534419781036e-05
3.512222534419781036e-05
3.512222534419781036e-05
3.512222534419781036e-05
1.053666760325934243e-04
3.512222534419781036e-05
3.512222534419781036e-05
3.512222534419781036e-05
3.512222534419781036e-05
1.053666760325934243e-04
7.024445068839562073e-05
7.024445068839562073e-05
1.053666760325934243e-04
7.024445068839562073e-05
3.512222534419781036e-05
3.512222534419781036e-05
3.512222534419781036e-05
1.053666760325934243e-04
3.512222534419781036e-05
1.756111267209890315e-04
3.863444787861759072e-04
3.512222534419781036e-05
1.053666760325934243e-04
3.512222534419781036e-05
3.512222534419781036e-05
3.512222534419781036e-05
3.512222534419781036e-05
3.512222534419781036e-05
7.024445068839562073e-05
3.512222534419781036e-05
7.024445068839562073e-05
3.512222534419781036e-05
1.756111267209890315e-04
3.161000280977802729e-04
3.512222534419781036e-05
3.512222534419781036e-05
1.053666760325934243e-04
7.024445068839562073e-05
3.512222534419781036e-05
3.512222534419781036e-05
7.024445068839562073e-05
1.756111267209890315e-04
9.939589772407980001e-03
1.053666760325934243e-04
7.024445068839562073e-05
1.053666760325934243e-04
3.512222534419781036e-05
6.322000561955605459e-04
1.545377915144703629e-03
7.024445068839562073e-05
6.673222815397583359e-04
7.024445068839562073e-05
3.512222534419781036e-05
1.053666760325934243e-04
4.214667041303736972e-04
5.619556055071649658e-04
3.512222534419781036e-05
3.512222534419781036e-05
1.053666760325934243e-04
3.512222534419781036e-05
3.512222534419781036e-05
1.756111267209890315e-04
7.024445068839562073e-05
3.512222534419781036e-05
2.107333520651868486e-04
1.404889013767912415e-04
3.512222534419781036e-05
2.809778027535824829e-04
3.512222534419781036e-05
7.024445068839562073e-05
3.512222534419781036e-05
3.512222534419781036e-05
7.024445068839562073e-05
1.615622365833099209e-03
1.053666760325934243e-04
3.512222534419781036e-05
3.512222534419781036e-05
3.512222534419781036e-05
7.024445068839562073e-05
7.024445068839562073e-05
7.024445068839562073e-05
7.024445068839561259e-04
1.720989041865692579e-03
7.024445068839562073e-05
3.512222534419781036e-05
3.512222534419781036e-05
1.931722393930879536e-03
1.194155661702725512e-03
3.512222534419781036e-05
9.658611969654397680e-03
3.161000280977802729e-04
1.756111267209890315e-04
3.512222534419781036e-05
3.863444787861759072e-04
1.440011239112110042e-03
2.107333520651868486e-04
3.512222534419780630e-04
1.053666760325934243e-04
3.512222534419781036e-05
1.404889013767912415e-04
1.440011239112110042e-03
3.512222534419781036e-05
3.512222534419781036e-05
2.107333520651868486e-04
1.088788985670132142e-03
1.088788985670132142e-03
7.024445068839562073e-05
1.053666760325934243e-04
6.322000561955605459e-04
9.131778589491429746e-04
2.458555774093846387e-04
2.458555774093846387e-04
1.338156785613936473e-02
7.024445068839562073e-05
2.458555774093846387e-04
1.053666760325934243e-04
1.756111267209890315e-04
9.096656364147233040e-03
3.512222534419781036e-05
3.512222534419781036e-05
7.024445068839562073e-05
2.458555774093846387e-04
3.512222534419781036e-05
9.834223096375385546e-04
1.756111267209890315e-04
1.404889013767912415e-04
7.024445068839562073e-05
7.024445068839562073e-05
3.512222534419781036e-05
3.512222534419781036e-05
1.404889013767912415e-04
7.024445068839562073e-05
1.756111267209890315e-04
3.512222534419781036e-05
3.512222534419781036e-05
8.780556336049451845e-04
3.512222534419781036e-05
3.512222534419781036e-05
1.756111267209890315e-04
1.404889013767912415e-04
7.024445068839562073e-05
3.512222534419781036e-05
4.565889294745714873e-04
7.024445068839562073e-05
3.512222534419781036e-05
2.107333520651868486e-04
7.024445068839562073e-05
3.512222534419781036e-05
1.053666760325934243e-04
2.107333520651868486e-04
7.024445068839562073e-05
4.565889294745714873e-04
3.512222534419781036e-05
1.475133464456308049e-03
3.512222534419781036e-05
3.512222534419781036e-05
3.512222534419781036e-05
3.512222534419781036e-05
3.512222534419781036e-05
7.024445068839562073e-05
3.512222534419781036e-05
3.512222534419781036e-05
7.024445068839562073e-05
1.053666760325934243e-04
3.512222534419781036e-05
1.404889013767912415e-04
1.053666760325934243e-04
3.512222534419781036e-05
6.322000561955605459e-04
3.512222534419781036e-05
3.512222534419781036e-05
1.756111267209890315e-04
7.024445068839562073e-05
1.053666760325934243e-04
7.024445068839562073e-05
7.024445068839562073e-05
3.512222534419781036e-05
3.512222534419781036e-05
3.512222534419781036e-05
3.512222534419781036e-05
3.512222534419781036e-05
1.053666760325934243e-04
1.053666760325934243e-04
7.024445068839562073e-05
3.512222534419781036e-05
3.512222534419781036e-05
3.512222534419781036e-05
3.512222534419781036e-05
2.107333520651868486e-04
7.024445068839562073e-05
3.512222534419781036e-05
2.107333520651868486e-04
3.512222534419781036e-05
3.512222534419781036e-05
3.512222534419781036e-05
3.512222534419781036e-05
3.512222534419781036e-05
7.024445068839562073e-05
3.512222534419781036e-05
3.512222534419781036e-05
7.024445068839562073e-05
2.458555774093846387e-04
3.512222534419781036e-05
3.512222534419781036e-05
3.512222534419781036e-05
7.024445068839562073e-05
7.024445068839562073e-05
1.404889013767912415e-04
7.024445068839562073e-05
3.512222534419781036e-05
7.024445068839562073e-05
3.161000280977802729e-04
3.512222534419781036e-05
1.053666760325934243e-04
3.512222534419781036e-05
3.512222534419781036e-05
3.512222534419781036e-05
3.512222534419781036e-05
1.053666760325934243e-04
3.512222534419781036e-05
7.024445068839562073e-05
7.024445068839562073e-05
3.512222534419781036e-05
3.512222534419781036e-05
7.832256251756111731e-03
1.053666760325934243e-04
7.024445068839562073e-05
3.512222534419781036e-05
7.024445068839562073e-05
1.159033436358527722e-03
3.512222534419781036e-05
1.053666760325934243e-04
5.268333801629671758e-04
1.685866816521494789e-03
2.458555774093846387e-04
4.214667041303736972e-04
1.053666760325934243e-04
7.024445068839562073e-05
1.204692329305984827e-02
2.809778027535824829e-04
2.107333520651868486e-04
1.053666760325934352e-03
4.917111548187692773e-04
1.756111267209890315e-04
2.458555774093846387e-04
3.512222534419780630e-04
3.161000280977802729e-04
2.458555774093846387e-04
1.404889013767912415e-04
2.458555774093846387e-04
1.053666760325934243e-04
1.053666760325934243e-04
3.512222534419780630e-04
1.404889013767912415e-04
3.512222534419781036e-05
2.001966844619275116e-03
7.024445068839562073e-05
3.512222534419781036e-05
3.512222534419781036e-05
3.196122506322000411e-03
1.053666760325934243e-04
1.053666760325934243e-04
7.024445068839562073e-05
1.756111267209890315e-04
9.483000842933408730e-04
3.512222534419781036e-05
1.756111267209890315e-04
3.512222534419781036e-05
7.024445068839562073e-05
3.055633604945209251e-03
3.161000280977802729e-04
7.024445068839562073e-05
1.404889013767912415e-04
7.024445068839562073e-05
3.828322562517561065e-03
3.512222534419781036e-05
1.053666760325934243e-04
3.512222534419781036e-05
7.024445068839562073e-05
4.706378196122506033e-03
3.512222534419781036e-05
7.024445068839562073e-05
3.512222534419781036e-05
1.369766788423714462e-03
7.024445068839562073e-05
4.249789266647934979e-03
3.161000280977802729e-04
3.512222534419781036e-05
1.053666760325934243e-04
7.024445068839562073e-05
3.512222534419781036e-05
2.809778027535824829e-04
2.107333520651868486e-04
7.024445068839562073e-05
5.619556055071649658e-04
2.107333520651868486e-04
1.123911211014329932e-03
3.512222534419781036e-05
2.458555774093846387e-04
8.780556336049451845e-04
1.404889013767912415e-04
2.880022478224220084e-03
3.512222534419781036e-05
4.495644844057319726e-03
7.024445068839562073e-05
2.458555774093846387e-04
7.024445068839562073e-05
3.512222534419781036e-05
1.018544534981736345e-03
9.237145265524023333e-03
2.107333520651868486e-04
1.194155661702725512e-03
2.107333520651868486e-04
2.458555774093846387e-04
1.545377915144703629e-03
7.691767350379319704e-03
3.512222534419781036e-05
1.720989041865692579e-03
3.161000280977802729e-04
4.565889294745714873e-04
1.053666760325934352e-03
9.483000842933408730e-04
4.495644844057319726e-03
4.565889294745714873e-04
3.512222534419781036e-05
1.053666760325934243e-04
3.512222534419780630e-04
3.512222534419781036e-05
2.458555774093846387e-04
7.024445068839562073e-05
1.756111267209890315e-04
1.756111267209890315e-04
6.567856139364990423e-03
3.512222534419781036e-05
7.024445068839561259e-04
4.565889294745714873e-04
7.024445068839562073e-05
8.780556336049451845e-04
4.214667041303736972e-04
1.756111267209890315e-04
5.338578252318066687e-03
3.512222534419781036e-05
5.619556055071649658e-04
4.565889294745714873e-04
1.404889013767912415e-04
3.512222534419781036e-05
1.404889013767912415e-04
3.512222534419781036e-05
3.512222534419781036e-05
3.512222534419781036e-05
3.512222534419781036e-05
3.512222534419781036e-05
3.512222534419781036e-05
3.512222534419781036e-05
3.512222534419781036e-05
3.512222534419781036e-05
7.024445068839562073e-05
7.024445068839562073e-05
3.512222534419781036e-05
1.053666760325934243e-04
3.512222534419781036e-05
3.512222534419781036e-05
3.512222534419781036e-05
3.512222534419781036e-05
3.512222534419781036e-05
3.512222534419781036e-05
7.024445068839562073e-05
3.512222534419781036e-05
3.512222534419781036e-05
3.512222534419781036e-05
3.512222534419781036e-05
3.512222534419781036e-05
3.512222534419781036e-05
3.512222534419781036e-05
3.512222534419781036e-05
3.512222534419781036e-05
7.024445068839562073e-05
3.512222534419781036e-05
3.512222534419781036e-05
3.512222534419781036e-05
3.512222534419781036e-05
3.512222534419781036e-05
3.512222534419781036e-05
3.512222534419781036e-05
3.512222534419781036e-05
3.512222534419781036e-05
3.512222534419781036e-05
3.512222534419781036e-05
3.512222534419781036e-05
7.024445068839562073e-05
6.673222815397583359e-04
3.512222534419781036e-05
3.512222534419781036e-05
3.512222534419781036e-05
1.053666760325934243e-04
1.756111267209890315e-04
3.512222534419781036e-05
7.024445068839562073e-05
3.512222534419781036e-05
2.458555774093846387e-04
3.512222534419781036e-05
7.024445068839562073e-05
3.512222534419781036e-05
1.756111267209890315e-04
7.024445068839562073e-05
3.512222534419781036e-05
1.053666760325934243e-04
3.512222534419781036e-05
7.024445068839562073e-05
3.512222534419781036e-05
3.512222534419781036e-05
3.512222534419781036e-05
3.512222534419781036e-05
3.512222534419781036e-05
3.512222534419781036e-05
3.512222534419781036e-05
3.512222534419781036e-05
1.756111267209890315e-04
3.512222534419781036e-05
3.512222534419781036e-05
3.512222534419781036e-05
7.024445068839562073e-05
3.512222534419781036e-05
3.161000280977802729e-04
3.512222534419781036e-05
3.512222534419781036e-05
3.512222534419781036e-05
3.512222534419781036e-05
3.512222534419781036e-05
3.512222534419781036e-05
3.512222534419781036e-05
7.024445068839561259e-04
7.024445068839562073e-05
3.512222534419781036e-05
7.024445068839562073e-05
2.107333520651868486e-04
1.053666760325934243e-04
3.512222534419781036e-05
1.053666760325934243e-04
3.512222534419781036e-05
3.512222534419781036e-05
7.024445068839562073e-05
3.512222534419781036e-05
3.512222534419781036e-05
3.512222534419781036e-05
3.512222534419781036e-05
7.024445068839562073e-05
3.512222534419781036e-05
3.512222534419781036e-05
7.024445068839562073e-05
3.512222534419781036e-05
7.024445068839562073e-05
3.512222534419781036e-05
3.512222534419781036e-05
1.053666760325934243e-04
3.512222534419781036e-05
3.512222534419781036e-05
7.024445068839562073e-05
2.458555774093846387e-04
3.512222534419781036e-05
1.053666760325934243e-04
7.024445068839561259e-04
3.512222534419781036e-05
7.024445068839562073e-05
1.053666760325934243e-04
7.024445068839562073e-05
3.512222534419781036e-05
3.512222534419781036e-05
3.512222534419781036e-05
3.512222534419781036e-05
3.512222534419781036e-05
7.024445068839562073e-05
3.512222534419781036e-05
4.917111548187692773e-04
1.299522337735318882e-03
2.809778027535824829e-04
3.512222534419781036e-05
4.565889294745714873e-04
3.512222534419781036e-05
2.458555774093846387e-04
9.131778589491429746e-04
3.512222534419780630e-04
2.107333520651868486e-04
6.848833942118572743e-03
2.458555774093846387e-04
2.458555774093846387e-04
3.863444787861759072e-04
4.565889294745714873e-04
2.809778027535824829e-04
3.512222534419781036e-05
1.404889013767912415e-04
2.458555774093846387e-04
2.107333520651868486e-04
1.756111267209890315e-04
3.512222534419781036e-05
3.512222534419781036e-05
3.512222534419781036e-05
7.024445068839562073e-05
7.024445068839562073e-05
2.458555774093846387e-04
7.024445068839562073e-05
1.053666760325934243e-04
2.458555774093846387e-04
7.024445068839562073e-05
1.053666760325934243e-04
3.512222534419781036e-05
2.107333520651868486e-04
3.512222534419781036e-05
7.024445068839562073e-05
7.024445068839562073e-05
3.512222534419781036e-05
5.268333801629671758e-04
7.024445068839562073e-05
7.024445068839562073e-05
2.634166900814835770e-03
7.024445068839562073e-05
3.512222534419781036e-05
3.512222534419781036e-05
2.950266928912616098e-03
3.512222534419781036e-05
3.512222534419781036e-05
7.024445068839562073e-05
1.194155661702725512e-03
7.024445068839562073e-05
1.861477943242483739e-03
8.429334082607473945e-04
2.458555774093846387e-04
3.512222534419781036e-05
9.483000842933408730e-04
2.809778027535824829e-04
1.756111267209890315e-04
9.834223096375385546e-04
1.159033436358527722e-03
2.458555774093846387e-04
1.194155661702725512e-03
2.809778027535824829e-04
9.131778589491429746e-04
3.512222534419780630e-04
1.053666760325934243e-04
3.512222534419781036e-05
7.024445068839562073e-05
6.673222815397583359e-04
7.024445068839561259e-04
3.512222534419781036e-05
9.483000842933408730e-04
3.512222534419781036e-05
5.619556055071649658e-04
3.512222534419781036e-05
3.512222534419781036e-05
3.512222534419781036e-05
3.512222534419781036e-05
1.053666760325934243e-04
3.512222534419781036e-05
3.512222534419781036e-05
1.053666760325934243e-04
3.512222534419781036e-05
3.512222534419781036e-05
3.512222534419781036e-05
3.512222534419781036e-05
3.512222534419781036e-05
3.512222534419781036e-05
7.024445068839562073e-05
3.512222534419781036e-05
3.512222534419781036e-05
2.107333520651868486e-04
2.458555774093846387e-04
3.512222534419781036e-05
3.512222534419781036e-05
1.053666760325934243e-04
3.512222534419781036e-05
1.404889013767912415e-04
3.512222534419781036e-05
7.024445068839562073e-05
7.024445068839562073e-05
7.024445068839562073e-05
7.024445068839562073e-05
3.512222534419781036e-05
7.024445068839562073e-05
3.512222534419781036e-05
3.512222534419781036e-05
3.512222534419781036e-05
3.512222534419781036e-05
3.512222534419781036e-05
3.512222534419781036e-05
7.024445068839562073e-05
7.024445068839562073e-05
3.512222534419781036e-05
3.512222534419781036e-05
7.024445068839562073e-05
3.161000280977802729e-04
4.214667041303736972e-04
3.512222534419781036e-05
7.024445068839562073e-05
3.512222534419781036e-05
3.512222534419781036e-05
3.512222534419781036e-05
3.161000280977802729e-04
2.107333520651868486e-04
3.512222534419781036e-05
3.512222534419781036e-05
3.512222534419781036e-05
3.512222534419781036e-05
3.512222534419781036e-05
3.512222534419781036e-05
1.053666760325934243e-04
3.161000280977802729e-04
1.053666760325934243e-04
3.512222534419781036e-05
7.024445068839562073e-05
1.053666760325934243e-04
3.512222534419781036e-05
3.512222534419781036e-05
3.512222534419781036e-05
1.053666760325934243e-04
3.512222534419781036e-05
7.024445068839562073e-05
3.512222534419781036e-05
1.404889013767912415e-04
7.024445068839562073e-05
3.512222534419781036e-05
3.512222534419781036e-05
7.024445068839562073e-05
3.512222534419781036e-05
3.512222534419781036e-05
3.512222534419781036e-05
3.196122506322000411e-03
7.024445068839562073e-05
1.053666760325934243e-04
3.512222534419781036e-05
3.512222534419781036e-05
6.322000561955605459e-04
1.404889013767912415e-04
2.107333520651868486e-04
3.512222534419781036e-05
1.756111267209890315e-04
3.512222534419781036e-05
2.177577971340264283e-03
7.024445068839562073e-05
3.512222534419781036e-05
7.024445068839562073e-05
3.512222534419781036e-05
1.159033436358527722e-03
2.107333520651868486e-04
3.512222534419781036e-05
1.756111267209890315e-04
3.512222534419781036e-05
3.512222534419781036e-05
1.053666760325934243e-04
1.756111267209890315e-04
2.809778027535824829e-04
3.512222534419781036e-05
7.024445068839562073e-05
7.024445068839562073e-05
1.053666760325934243e-04
2.809778027535824829e-04
3.512222534419781036e-05
3.512222534419781036e-05
1.053666760325934243e-04
3.512222534419781036e-05
3.512222534419781036e-05
3.512222534419781036e-05
1.756111267209890315e-04
7.024445068839562073e-05
1.404889013767912415e-04
3.512222534419781036e-05
1.053666760325934243e-04
2.353189098061253016e-03
3.863444787861759072e-04
3.512222534419781036e-05
3.512222534419781036e-05
3.512222534419781036e-05
1.404889013767912415e-04
3.125878055633604831e-03
4.881989322843495634e-03
1.756111267209890315e-04
8.429334082607473945e-04
1.053666760325934243e-04
8.429334082607473945e-04
2.458555774093846387e-04
3.512222534419781036e-05
1.053666760325934243e-04
3.512222534419781036e-05
5.970778308513627558e-04
1.053666760325934243e-04
3.512222534419781036e-05
1.088788985670132142e-03
3.161000280977802729e-04
1.053666760325934243e-04
3.512222534419781036e-05
2.809778027535824829e-04
1.159033436358527722e-03
4.565889294745714873e-04
2.809778027535824829e-04
3.512222534419781036e-05
2.809778027535824829e-04
1.053666760325934243e-04
3.512222534419781036e-05
3.512222534419781036e-05
1.229277887046923302e-03
4.214667041303736972e-04
9.131778589491429746e-04
7.024445068839562073e-05
3.512222534419781036e-05
1.053666760325934243e-04
3.512222534419781036e-05
3.512222534419781036e-05
7.024445068839562073e-05
2.458555774093846387e-04
3.512222534419781036e-05
7.024445068839562073e-05
1.404889013767912415e-04
3.512222534419781036e-05
3.863444787861759072e-04
2.107333520651868486e-04
3.512222534419781036e-05
3.512222534419781036e-05
7.024445068839562073e-05
3.512222534419781036e-05
3.512222534419781036e-05
3.512222534419781036e-05
3.512222534419781036e-05
1.404889013767912415e-04
1.756111267209890315e-04
3.512222534419781036e-05
3.512222534419781036e-05
1.053666760325934243e-04
7.024445068839562073e-05
7.024445068839562073e-05
3.512222534419781036e-05
3.512222534419781036e-05
3.512222534419781036e-05
3.512222534419781036e-05
6.673222815397583359e-04
1.404889013767912415e-04
7.024445068839562073e-05
2.458555774093846387e-04
3.512222534419781036e-05
7.024445068839562073e-05
3.512222534419781036e-05
3.512222534419781036e-05
3.512222534419781036e-05
1.053666760325934243e-04
3.512222534419781036e-05
3.512222534419781036e-05
3.512222534419781036e-05
3.512222534419781036e-05
3.512222534419781036e-05
1.756111267209890315e-04
3.512222534419781036e-05
3.512222534419781036e-05
3.512222534419781036e-05
1.053666760325934243e-04
3.161000280977802729e-04
1.756111267209890315e-04
6.322000561955605459e-04
7.024445068839562073e-05
3.512222534419781036e-05
3.512222534419780630e-04
3.512222534419781036e-05
1.404889013767912415e-04
3.512222534419781036e-05
3.512222534419781036e-05
1.053666760325934243e-04
1.404889013767912415e-04
3.512222534419781036e-05
3.512222534419781036e-05
1.053666760325934243e-04
3.512222534419781036e-05
3.512222534419781036e-05
5.443944928350660274e-03
1.053666760325934243e-04
7.024445068839562073e-05
3.512222534419781036e-05
3.512222534419781036e-05
1.053666760325934243e-04
7.024445068839562073e-05
3.512222534419781036e-05
3.512222534419781036e-05
3.512222534419781036e-05
7.024445068839562073e-05
7.024445068839562073e-05
2.388311323405451023e-03
3.512222534419781036e-05
3.512222534419781036e-05
3.512222534419781036e-05
7.024445068839562073e-05
3.512222534419781036e-05
3.512222534419781036e-05
3.512222534419781036e-05
3.512222534419781036e-05
1.756111267209890315e-04
3.512222534419781036e-05
7.024445068839562073e-05
1.756111267209890315e-04
1.756111267209890315e-04
3.863444787861759072e-04
3.512222534419781036e-05
1.194155661702725512e-03
3.512222534419781036e-05
9.834223096375385546e-04
1.053666760325934243e-04
1.404889013767912415e-04
1.053666760325934243e-04
7.024445068839561259e-04
1.123911211014329932e-03
8.780556336049451845e-04
3.512222534419781036e-05
3.863444787861759072e-04
3.512222534419780630e-04
1.053666760325934243e-04
3.161000280977802729e-04
9.834223096375385546e-04
7.024445068839562073e-05
1.053666760325934243e-04
7.024445068839562073e-05
1.053666760325934243e-04
3.512222534419781036e-05
7.024445068839562073e-05
3.512222534419781036e-05
2.107333520651868486e-04
6.322000561955605459e-04
7.024445068839562073e-05
2.809778027535824829e-04
2.809778027535824829e-04
7.024445068839562073e-05
3.512222534419781036e-05
3.512222534419781036e-05
5.268333801629671758e-04
2.809778027535824829e-04
7.024445068839562073e-05
5.268333801629671758e-04
3.512222534419781036e-05
1.756111267209890315e-04
1.053666760325934243e-04
3.512222534419780630e-04
3.512222534419781036e-05
3.512222534419781036e-05
3.512222534419781036e-05
3.512222534419781036e-05
3.512222534419781036e-05
3.512222534419781036e-05
3.512222534419781036e-05
3.512222534419781036e-05
3.512222534419781036e-05
3.512222534419781036e-05
7.024445068839562073e-05
3.512222534419781036e-05
1.404889013767912415e-04
2.809778027535824829e-04
1.053666760325934243e-04
7.024445068839562073e-05
3.512222534419781036e-05
1.053666760325934243e-04
1.053666760325934243e-04
1.053666760325934243e-04
7.024445068839562073e-05
7.024445068839562073e-05
1.756111267209890315e-04
3.512222534419781036e-05
1.720989041865692579e-03
2.107333520651868486e-04
3.512222534419781036e-05
3.512222534419781036e-05
3.512222534419781036e-05
2.107333520651868486e-04
3.512222534419780630e-04
3.512222534419781036e-05
1.404889013767912415e-04
3.512222534419781036e-05
3.512222534419781036e-05
3.512222534419781036e-05
3.512222534419781036e-05
7.024445068839562073e-05
1.053666760325934243e-04
3.512222534419781036e-05
1.053666760325934243e-04
3.512222534419781036e-05
3.512222534419781036e-05
3.863444787861759072e-04
2.107333520651868486e-04
7.024445068839562073e-05
3.512222534419781036e-05
3.512222534419781036e-05
2.107333520651868486e-04
3.512222534419781036e-05
3.512222534419781036e-05
7.024445068839562073e-05
1.404889013767912415e-04
4.214667041303736972e-04
1.053666760325934243e-04
3.512222534419781036e-05
3.512222534419781036e-05
3.512222534419781036e-05
2.458555774093846387e-04
7.024445068839562073e-05
1.053666760325934243e-04
3.512222534419781036e-05
1.404889013767912415e-04
7.024445068839562073e-05
3.512222534419781036e-05
3.512222534419780630e-04
3.512222534419781036e-05
3.512222534419781036e-05
2.107333520651868486e-04
1.756111267209890315e-04
7.024445068839562073e-05
1.053666760325934243e-04
1.404889013767912415e-04
3.512222534419781036e-05
3.512222534419781036e-05
3.512222534419781036e-05
2.107333520651868486e-04
1.404889013767912415e-04
7.024445068839562073e-05
3.512222534419781036e-05
3.512222534419781036e-05
3.512222534419781036e-05
3.512222534419781036e-05
1.404889013767912415e-04
1.580500140488901419e-03
3.512222534419781036e-05
7.024445068839562073e-05
9.483000842933408730e-04
1.053666760325934243e-04
3.512222534419781036e-05
9.483000842933408730e-04
1.053666760325934243e-04
7.024445068839562073e-05
3.512222534419781036e-05
3.512222534419781036e-05
4.214667041303736972e-04
3.512222534419781036e-05
3.512222534419781036e-05
3.512222534419781036e-05
3.512222534419781036e-05
1.053666760325934243e-04
2.458555774093846387e-04
3.512222534419781036e-05
3.512222534419781036e-05
3.512222534419781036e-05
3.512222534419781036e-05
3.512222534419781036e-05
7.024445068839562073e-05
3.512222534419781036e-05
3.512222534419781036e-05
3.512222534419781036e-05
3.512222534419781036e-05
3.512222534419781036e-05
3.512222534419781036e-05
3.512222534419781036e-05
3.512222534419781036e-05
3.512222534419781036e-05
1.053666760325934243e-04
1.404889013767912415e-04
3.512222534419781036e-05
7.024445068839562073e-05
3.512222534419781036e-05
1.650744591177296999e-03
3.512222534419781036e-05
3.512222534419781036e-05
7.024445068839562073e-05
3.512222534419781036e-05
1.404889013767912415e-04
3.512222534419781036e-05
3.512222534419781036e-05
3.512222534419781036e-05
1.404889013767912415e-04
3.512222534419781036e-05
7.024445068839561259e-04
3.512222534419781036e-05
3.512222534419781036e-05
3.512222534419781036e-05
3.512222534419781036e-05
1.404889013767912415e-04
3.512222534419780630e-04
3.512222534419781036e-05
3.512222534419781036e-05
4.214667041303736972e-04
1.756111267209890315e-04
3.512222534419781036e-05
7.024445068839562073e-05
1.756111267209890315e-04
3.512222534419781036e-05
3.512222534419781036e-05
1.756111267209890315e-04
7.024445068839562073e-05
8.780556336049451845e-04
3.512222534419781036e-05
1.404889013767912415e-04
3.512222534419781036e-05
2.107333520651868486e-04
1.404889013767912415e-04
3.512222534419781036e-05
3.512222534419781036e-05
5.970778308513627558e-04
1.404889013767912415e-04
1.756111267209890315e-04
9.834223096375385546e-04
3.512222534419781036e-05
4.565889294745714873e-04
1.053666760325934243e-04
3.161000280977802729e-04
1.194155661702725512e-03
3.512222534419781036e-05
7.024445068839562073e-05
1.053666760325934243e-04
7.024445068839562073e-05
3.512222534419781036e-05
3.512222534419781036e-05
3.512222534419781036e-05
7.024445068839562073e-05
3.512222534419781036e-05
1.756111267209890315e-04
3.512222534419781036e-05
2.458555774093846387e-04
1.053666760325934243e-04
2.458555774093846387e-04
9.483000842933408730e-04
1.756111267209890315e-04
1.053666760325934243e-04
2.809778027535824829e-04
3.512222534419781036e-05
2.458555774093846387e-04
3.512222534419781036e-05
1.053666760325934243e-04
5.619556055071649658e-04
7.024445068839562073e-05
3.512222534419781036e-05
1.404889013767912415e-04
1.053666760325934243e-04
3.512222534419781036e-05
1.053666760325934243e-04
3.512222534419781036e-05
3.512222534419781036e-05
3.512222534419781036e-05
8.780556336049451845e-04
1.053666760325934243e-04
7.024445068839562073e-05
7.024445068839562073e-05
2.809778027535824829e-04
7.024445068839562073e-05
7.024445068839562073e-05
7.024445068839562073e-05
3.512222534419781036e-05
4.917111548187692773e-04
1.053666760325934243e-04
3.512222534419781036e-05
3.161000280977802729e-04
7.024445068839562073e-05
3.512222534419781036e-05
3.512222534419781036e-05
3.512222534419781036e-05
7.024445068839562073e-05
1.053666760325934243e-04
3.512222534419781036e-05
7.024445068839562073e-05
1.404889013767912415e-04
3.512222534419781036e-05
3.512222534419781036e-05
1.756111267209890315e-04
7.024445068839562073e-05
